100512 001
100549 001
100819 001
101004 001
101066 001
101109 001
101316 001
101397 001
101469 001
101551 001
110469 001
110581 001
110600 001
110791 001
111055 001
111077 001
111114 001
111147 001
111172 001
111178 001
111217 001
111228 001
111255 001
111306 001
111308 001
111340 001
111342 001
111344 001 
111370 001
111387 001
111408 001
111409 001
111473 001
111494 001
111495 001
111496 001
111500 001
111501 001
111502 001
111503 001
111533 001
111535 001
111551 001
111560 001
111577 001
111600 001
111605 001
111657 001
111664 001
111702 001
111715 001
111759 001
111795 001
111797 001
111985 001
111986 001
111996 001
111927 001
110842 002
111043 002
111174 002
111332 002
120367 002
120525 002
120637 002
120686 002
121090 002