#List of all the production runs in the run periods of interest
100491
100493
100512
100513
100515
100519
100520
100521
100531
100532
100534
100535
100536
100539
100540
100541
100542
100543
100545
100546
100547
100548
100549
100550
100551
100552
100553
100554
100555
100556
100557
100559
100570
100571
100573
100574
100575
100576
100581
100653
100654
100660
100661
100668
100669
100672
100674
100675
100716
100717
100718
100719
100720
100723
100731
100733
100734
100735
100741
100742
100743
100744
100745
100746
100748
100762
100763
100764
100765
100766
100767
100768
100771
100772
100773
100774
100775
100776
100777
100779
100783
100784
100786
100787
100788
100789
100790
100791
100792
100793
100794
100795
100797
100798
100799
100817
100818
100819
100820
100821
100822
100823
100824
100825
100826
100827
100829
100830
100831
100833
100834
100835
100836
100837
100841
100842
100843
100844
100845
100846
100847
100855
100856
100857
100858
100859
100860
100861
100862
100863
100864
100865
100867
100868
100869
100870
100871
100872
100873
100874
100875
100876
100877
100878
100879
100880
100881
100882
100883
100884
100898
100899
100900
100901
100902
100903
100904
100907
100908
100909
100910
100911
100912
100913
100914
100915
100944
100947
100948
100949
100950
100951
100952
100953
100954
100955
100956
100957
100958
100959
100961
100962
100963
100964
100965
100966
100967
100968
100969
100970
100972
100973
100974
100975
100976
100977
100978
100979
100980
100981
100982
100983
100984
100985
100986
100987
100988
100989
100990
100991
100993
100994
100995
100996
100997
100998
100999
101000
101001
101002
101003
101004
101005
101006
101007
101008
101009
101010
101011
101012
101013
101014
101015
101016
101018
101019
101020
101021
101022
101023
101024
101025
101026
101027
101028
101029
101030
101031
101032
101033
101034
101035
101036
101037
101038
101039
101040
101041
101042
101043
101044
101045
101046
101047
101048
101049
101050
101051
101052
101053
101054
101055
101056
101057
101058
101060
101061
101062
101063
101064
101065
101066
101067
101068
101069
101070
101071
101072
101073
101076
101077
101078
101079
101080
101081
101082
101083
101084
101086
101087
101089
101090
101093
101094
101095
101096
101097
101098
101099
101100
101102
101103
101104
101105
101106
101107
101108
101109
101110
101111
101112
101113
101114
101115
101116
101117
101118
101119
101120
101121
101122
101123
101124
101125
101126
101127
101128
101130
101137
101142
101143
101145
101146
101147
101148
101149
101150
101151
101152
101153
101154
101155
101156
101157
101164
101165
101166
101167
101168
101170
101171
101172
101182
101183
101184
101185
101186
101187
101189
101190
101191
101192
101193
101194
101195
101196
101197
101198
101199
101200
101201
101202
101203
101208
101209
101210
101211
101212
101213
101215
101216
101217
101218
101219
101220
101221
101222
101223
101224
101225
101226
101227
101228
101229
101230
101231
101234
101235
101236
101237
101238
101239
101240
101241
101242
101243
101244
101246
101247
101248
101249
101251
101253
101254
101255
101256
101257
101258
101259
101260
101261
101262
101263
101264
101265
101266
101267
101268
101269
101270
101271
101272
101273
101274
101275
101276
101277
101278
101279
101280
101281
101282
101283
101284
101285
101286
101288
101289
101290
101291
101292
101293
101294
101295
101296
101297
101298
101299
101300
101301
101302
101303
101304
101305
101306
101307
101308
101309
101311
101313
101314
101315
101316
101317
101318
101319
101320
101321
101322
101323
101324
101325
101326
101327
101328
101329
101330
101331
101332
101333
101334
101335
101336
101337
101338
101340
101341
101342
101343
101344
101345
101346
101347
101348
101349
101350
101351
101352
101353
101354
101355
101357
101358
101359
101360
101361
101362
101364
101365
101366
101367
101368
101369
101370
101371
101372
101373
101374
101376
101377
101379
101380
101381
101382
101383
101384
101385
101387
101388
101389
101390
101391
101392
101393
101394
101395
101396
101397
101398
101399
101400
101401
101402
101403
101404
101405
101406
101407
101408
101409
101410
101411
101412
101413
101414
101415
101416
101417
101418
101420
101421
101422
101423
101424
101425
101426
101427
101428
101429
101430
101431
101432
101433
101434
101436
101437
101438
101439
101440
101441
101442
101444
101445
101446
101447
101448
101449
101450
101451
101452
101453
101454
101455
101456
101457
101458
101459
101460
101462
101463
101464
101466
101467
101468
101469
101470
101471
101472
101473
101474
101475
101476
101482
101483
101484
101485
101486
101487
101488
101489
101490
101491
101492
101493
101494
101495
101496
101497
101498
101499
101500
101501
101502
101503
101504
101505
101506
101507
101508
101509
101510
101511
101512
101513
101514
101515
101516
101517
101518
101519
101520
101522
101523
101524
101525
101526
101527
101528
101529
101530
101531
101532
101533
101534
101535
101536
101537
101538
101539
101540
101541
101542
101547
101548
101549
101550
101551
101552
101553
101554
101555
101557
101558
101559
101560
101561
101562
101563
101564
101565
101566
101567
101568
101569
101570
101571
101572
101573
101574
101575
101576
101578
101579
101580
101581
101582
101583
101584
101585
101586
101587
101597
101598
101600
101602
101603
101604
101605
101606
101607
101608
101609
101615
101616
101617
101618
101619
101620
101621
101622
110447
110448
110449
110450
110451
110452
110453
110454
110469
110476
110477
110478
110479
110481
110482
110485
110486
110497
110498
110499
110500
110501
110503
110504
110505
110515
110516
110517
110532
110533
110534
110535
110536
110537
110538
110539
110540
110541
110542
110543
110544
110545
110546
110547
110548
110549
110551
110552
110553
110554
110555
110556
110557
110558
110559
110560
110561
110562
110563
110564
110565
110567
110576
110577
110578
110579
110580
110581
110582
110583
110600
110601
110602
110603
110605
110606
110607
110608
110609
110610
110611
110615
110616
110617
110618
110619
110620
110621
110641
110642
110643
110644
110657
110672
110675
110676
110677
110678
110679
110680
110682
110683
110684
110685
110686
110687
110688
110689
110690
110691
110692
110693
110694
110695
110696
110697
110698
110699
110700
110702
110703
110704
110705
110706
110707
110708
110709
110710
110711
110713
110714
110715
110716
110718
110719
110724
110725
110737
110738
110739
110740
110741
110743
110744
110745
110746
110747
110749
110750
110751
110752
110753
110754
110755
110771
110772
110773
110774
110775
110776
110782
110783
110784
110785
110786
110787
110788
110789
110790
110791
110792
110793
110794
110795
110796
110798
110799
110800
110801
110802
110803
110804
110805
110806
110807
110808
110809
110810
110811
110812
110814
110815
110816
110817
110818
110819
110820
110821
110822
110824
110825
110828
110829
110830
110831
110833
110834
110835
110836
110837
110841
110842
110843
110844
110845
110846
110847
110848
110849
110850
110851
110852
110853
110854
110855
110856
110857
110858
110859
110860
110861
110862
110863
110864
110865
110866
110867
110868
110869
110870
110871
110872
110873
110874
110875
110876
110877
110878
110879
110881
110882
110896
110897
110899
110900
110901
110902
110903
110904
110905
110907
110909
110910
110911
110912
110913
110914
110915
110916
110917
110918
110919
110920
110921
110922
110923
110924
110925
110926
110927
110929
110930
110931
110932
110933
110934
110935
110936
110937
110942
110943
110944
110945
110946
110949
110950
110951
110953
110954
110955
110956
110957
110958
110959
110960
110961
110962
110963
110964
110965
110966
110967
110968
110969
110970
110971
110972
110973
110987
110988
110989
110990
110991
110993
110994
110995
110996
110997
110998
110999
111000
111001
111002
111003
111004
111005
111006
111007
111008
111009
111010
111013
111014
111015
111016
111017
111018
111019
111020
111021
111022
111023
111024
111025
111026
111027
111028
111029
111030
111031
111032
111033
111034
111035
111036
111037
111041
111042
111043
111044
111045
111046
111047
111048
111050
111052
111053
111054
111055
111056
111057
111061
111062
111063
111064
111065
111067
111068
111069
111070
111071
111072
111073
111074
111075
111078
111079
111080
111081
111082
111083
111084
111085
111087
111088
111089
111090
111092
111093
111094
111095
111096
111097
111098
111099
111100
111101
111102
111103
111106
111107
111108
111112
111113
111114
111115
111116
111117
111118
111119
111120
111121
111122
111123
111124
111126
111127
111128
111129
111131
111132
111133
111134
111135
111136
111137
111140
111141
111142
111143
111144
111145
111146
111147
111148
111149
111150
111151
111152
111153
111154
111155
111156
111157
111158
111159
111160
111161
111162
111163
111164
111165
111166
111167
111168
111171
111172
111173
111174
111175
111176
111177
111178
111179
111180
111182
111183
111184
111185
111186
111187
111188
111189
111190
111191
111192
111193
111194
111195
111196
111197
111201
111202
111203
111204
111205
111206
111207
111208
111209
111210
111211
111212
111215
111216
111217
111222
111223
111224
111225
111227
111228
111229
111230
111231
111232
111233
111234
111235
111236
111237
111238
111239
111240
111241
111242
111243
111244
111245
111246
111247
111251
111252
111253
111254
111257
111258
111259
111260
111263
111264
111265
111266
111267
111268
111269
111270
111271
111272
111273
111274
111275
111276
111277
111278
111279
111282
111283
111284
111285
111286
111287
111288
111289
111290
111291
111292
111293
111294
111295
111296
111297
111298
111299
111300
111301
111302
111303
111304
111305
111306
111307
111308
111309
111310
111311
111312
111325
111330
111331
111332
111333
111335
111337
111338
111339
111340
111342
111343
111344
111345
111346
111348
111349
111350
111352
111353
111354
111356
111357
111358
111359
111360
111361
111362
111365
111366
111367
111368
111369
111370
111371
111372
111374
111375
111377
111378
111379
111380
111381
111382
111385
111386
111387
111388
111389
111390
111391
111392
111393
111394
111395
111396
111398
111399
111400
111402
111403
111404
111405
111406
111407
111408
111409
111410
111411
111412
111414
111415
111416
111417
111418
111419
111420
111421
111422
111423
111425
111426
111427
111428
111429
111430
111431
111432
111433
111434
111435
111436
111437
111438
111439
111440
111441
111442
111443
111444
111445
111446
111447
111448
111449
111450
111451
111452
111453
111454
111456
111458
111459
111460
111461
111462
111463
111464
111473
111474
111475
111476
111477
111478
111479
111480
111481
111482
111483
111484
111485
111486
111487
111488
111489
111490
111491
111492
111493
111494
111495
111496
111497
111498
111499
111500
111501
111502
111503
111504
111505
111506
111507
111508
111509
111510
111511
111512
111513
111514
111515
111522
111523
111524
111526
111527
111528
111529
111530
111531
111532
111533
111534
111535
111536
111537
111538
111539
111540
111541
111542
111548
111549
111550
111551
111552
111553
111554
111555
111556
111558
111559
111560
111561
111562
111563
111564
111565
111566
111567
111568
111569
111570
111573
111574
111575
111576
111577
111578
111579
111580
111581
111582
111583
111584
111585
111586
111587
111588
111590
111591
111592
111593
111594
111595
111598
111599
111600
111601
111602
111603
111604
111605
111606
111607
111608
111609
111610
111611
111612
111613
111614
111616
111617
111618
111619
111620
111621
111622
111623
111624
111625
111627
111628
111629
111630
111632
111633
111634
111635
111636
111638
111639
111640
111641
111642
111643
111646
111647
111649
111650
111651
111652
111653
111654
111655
111656
111657
111658
111659
111660
111662
111663
111664
111665
111666
111669
111670
111671
111680
111681
111682
111684
111685
111686
111687
111688
111690
111691
111692
111693
111694
111699
111700
111701
111702
111703
111704
111705
111706
111707
111708
111711
111712
111713
111714
111715
111716
111717
111718
111719
111720
111721
111722
111723
111724
111725
111728
111729
111730
111731
111732
111733
111738
111740
111741
111742
111743
111744
111745
111746
111747
111748
111749
111750
111751
111752
111753
111754
111756
111757
111759
111763
111764
111765
111768
111769
111771
111772
111773
111775
111776
111777
111778
111779
111781
111782
111784
111785
111787
111788
111789
111790
111791
111792
111793
111794
111795
111796
111797
111798
111799
111800
111801
111802
111803
111804
111805
111806
111807
111808
111816
111817
111819
111820
111821
111822
111824
111825
111827
111828
111829
111830
111831
111834
111835
111836
111837
111838
111839
111840
111841
111842
111850
111851
111854
111855
111856
111857
111858
111859
111860
111861
111862
111863
111865
111866
111867
111868
111869
111870
111872
111873
111874
111875
111878
111879
111880
111881
111882
111883
111884
111885
111886
111889
111890
111891
111894
111895
111896
111897
111898
111899
111901
111902
111903
111904
111905
111907
111908
111910
111913
111915
111916
111917
111918
111920
111922
111923
111924
111925
111926
111927
111928
111933
111935
111936
111937
111938
111939
111940
111941
111943
111944
111945
111946
111947
111948
111949
111950
111951
111952
111953
111954
111957
111958
111959
111960
111961
111962
111964
111965
111969
111970
111971
111972
111973
111974
111975
111976
111977
111978
111979
111984
111985
111986
111987
111988
111989
111990
111991
111992
111993
111994
111995
111996
111997
111998
111999
112000
112001
120253
120254
120257
120258
120259
120260
120261
120262
120265
120266
120267
120268
120270
120271
120274
120275
120277
120278
120279
120280
120283
120284
120285
120286
120287
120288
120289
120294
120297
120298
120299
120302
120304
120305
120306
120307
120308
120309
120310
120313
120314
120315
120316
120317
120318
120319
120320
120321
120322
120323
120325
120326
120327
120328
120329
120348
120350
120351
120352
120353
120354
120355
120356
120359
120360
120362
120363
120364
120365
120366
120367
120368
120369
120370
120371
120372
120386
120387
120388
120389
120390
120391
120392
120393
120395
120396
120397
120398
120399
120400
120401
120402
120403
120404
120405
120406
120407
120408
120409
120410
120411
120412
120413
120414
120415
120416
120417
120418
120419
120420
120421
120436
120437
120438
120439
120440
120441
120442
120443
120444
120445
120446
120448
120449
120451
120453
120454
120455
120456
120458
120459
120460
120461
120462
120465
120467
120472
120473
120476
120477
120478
120479
120481
120482
120484
120485
120486
120487
120488
120492
120493
120494
120496
120504
120522
120523
120525
120526
120527
120528
120529
120530
120531
120532
120533
120534
120535
120536
120537
120538
120539
120540
120541
120542
120544
120545
120547
120548
120549
120550
120551
120552
120553
120557
120560
120561
120562
120563
120564
120565
120567
120568
120570
120571
120572
120573
120576
120577
120578
120579
120582
120589
120590
120592
120593
120595
120597
120598
120599
120600
120602
120604
120605
120606
120607
120609
120631
120632
120633
120635
120636
120637
120638
120639
120641
120642
120643
120644
120645
120646
120647
120648
120649
120651
120652
120653
120654
120656
120658
120659
120660
120661
120662
120663
120664
120666
120667
120668
120669
120670
120671
120672
120673
120674
120676
120677
120678
120679
120680
120681
120682
120683
120684
120685
120686
120687
120688
120690
120691
120692
120695
120696
120697
120699
120700
120701
120702
120703
120704
120705
120707
120709
120711
120712
120713
120714
120715
120716
120718
120719
120720
120721
120722
120723
120724
120725
120726
120727
120728
120729
120730
120731
120733
120735
120737
120739
120740
120741
120742
120743
120744
120745
120747
120749
120750
120751
120752
120753
120754
120756
120757
120758
120760
120761
120762
120763
120766
120767
120768
120769
120771
120772
120773
120774
120776
120777
120778
120779
120780
120781
120782
120784
120786
120787
120788
120790
120791
120792
120793
120794
120795
120797
120798
120799
120801
120802
120803
120804
120805
120806
120808
120810
120811
120812
120815
120816
120817
120819
120820
120821
120828
120829
120831
120832
120833
120835
120836
120837
120838
120839
120840
120842
120843
120844
120845
120846
120848
120849
120850
120851
120852
120853
120854
120855
120856
120857
120879
120880
120881
120882
120884
120885
120886
120887
120888
120889
120890
120891
120892
120893
120894
120910
120912
120913
120914
120915
120916
120917
120922
120923
120924
120925
120926
120927
120928
120930
120931
120934
120935
120936
120937
120938
120939
120952
120953
120954
120955
120956
120957
120958
120988
120989
120990
120991
120992
120993
120994
120995
120996
120998
120999
121000
121002
121004
121005
121006
121007
121019
121020
121021
121024
121025
121026
121027
121028
121029
121030
121031
121034
121035
121036
121037
121038
121040
121041
121042
121043
121049
121050
121051
121052
121053
121054
121055
121060
121061
121062
121063
121064
121065
121066
121067
121068
121069
121070
121072
121073
121076
121077
121078
121079
121080
121081
121082
121083
121084
121086
121088
121089
121090
121091
121092
121093
121094
121095
121096
121097
121098
121099
121100
121101
121102
121117
121118
121119
121120
121121
121126
121127
121128
121129
121130
121131
121132
121133
121134
121135
121136
121137
121138
121140
121141
121142
121143
121144
121145
121146
121161
121162
121164
121165
121167
121168
121169
121170
121171
121172
121174
121176
121178
121179
121181
121182
121183
121184
121185
121186
121187
121189
121196
121197
121198
121199
121200
121201
121202
121203
121204
121206
121207
